5.750164306233820910e-02 5.933886991612714185e-02 1.261154648799559796e-01
4.146845172142318847e-02 3.951923508783093675e-02 5.591630409840220306e-01
1.276619119666645430e-01 5.219774081735072402e-01 1.939332194305409263e-01
4.152454267011216893e-01 2.654095750535476195e-01 2.544982621491968522e-01
-1.627455309463456123e-02 2.185184065354991989e-02 6.044656717346589409e-02
6.581505647174482054e-03 2.270493823244144060e-01 3.303108678427518763e-02
3.949075434899935733e-01 5.707893214454484720e-01 3.243059418148253048e-02
-2.836256761575360608e-02 3.257431208954012641e-02 -3.446056564899922098e-02
6.598914557712753926e-02 1.951677916736728469e-01 7.521977579007653458e-02
5.940715070028146361e-01 5.681868082146557253e-01 2.202160686849962135e-01
-1.273726827291932207e-02 -2.680069421754925629e-02 1.016974806613975130e-01
1.819802110130136485e-01 2.197342856348716289e-01 5.347731285045921323e-01
3.566370320352937329e-01 4.143756822470300860e-01 5.475280157731510222e-02
3.107182785750748355e-01 7.371305359619226838e-01 4.239842882520689082e-01
2.453125789513629362e-01 5.009839490022400810e-01 4.171736649072288472e-01
3.781771834297070756e-01 6.582679450167371327e-01 8.252929166612446021e-01
2.117837873921238345e-01 1.509606997963617303e-01 2.090955980571810591e-01
1.557588259963710309e-01 8.587871808772282733e-01 7.038123239452406255e-01
6.506281093316831909e-02 2.145191046659028489e-03 1.071352448646922806e-02
2.810402672774178212e-01 2.938767986164826929e-01 2.651249359752129164e-01
5.978856956003117951e-01 6.152025703046060112e-01 2.277456423925633411e-01
3.306847045169051258e-01 1.654441457220734435e-02 3.101533066320281695e-01
2.686302400928809730e-02 -2.723422841964871777e-02 1.388037650238670151e-01
6.665044892923543962e-02 3.365708631671783246e-01 6.336046630550006276e-01
9.470879190123072944e-02 5.104185025456926122e-02 -5.048941463240877447e-03
5.811289215377013484e-01 5.121682676597659467e-02 1.040291063353026846e-01
1.821625495258834618e-02 -1.468893994399684405e-02 9.312259148636263528e-02
-1.422670145553219662e-03 1.543918458430752483e-01 8.617727378185829154e-15
4.393432640724437288e-02 6.128119176781687827e-02 6.567273249256067036e-01
2.160143825301961279e-02 2.607144934543026427e-02 7.982508065398956354e-02
2.606245318086549551e-02 1.982734527609683606e-01 3.366333789939315868e-02
4.817629120189441672e-01 6.167864596897604246e-01 7.575583868229535112e-01
1.576821427656167618e-01 -3.249655970490819556e-02 7.456256974843318563e-03
6.973739483043944754e-01 9.899475861344345651e-01 2.277541120010816433e-01
2.704460342234567549e-01 2.678657427307907790e-01 1.102825045849149976e+00
2.157852630379966663e-01 4.476794982055178895e-01 2.078121386999565445e-01
4.674303114678907689e-01 2.223461872604868272e-01 2.899122316262124910e-01
4.381179021649292404e-01 4.432162071977982509e-01 2.854660128371954153e-01
2.441260525083945865e-01 2.504359046503646935e-01 4.564128259172723356e-01
6.205561731948590065e-01 2.570139137805832474e-01 7.813679279422800494e-01
2.257584794277759932e-01 1.522453486663961075e-01 2.214815391664821664e-01
5.092427449995162725e-02 1.661539925017298802e-01 2.761287423515336459e-02
1.253857957714821225e-03 9.151290363864335031e-01 2.333260510297407997e-01
2.336510573846177496e-01 1.597421551047191191e-01 5.379228459746820956e-02
2.729696578402274199e-03 8.023605652680078359e-02 6.387860613727668058e-02
5.926391550138340736e-02 9.093215789301262175e-02 1.643471659385113692e-01
2.145519854812382166e-01 6.003737921622129825e-01 2.095120456409288456e-01
-4.851372301001653786e-02 -1.444316147865257194e-02 3.455251316208781537e-02
-6.329466632174236829e-02 3.324531934742615269e-02 7.337456931852197328e-02
7.672027992635596649e-03 6.183741631625010171e-02 2.225506861966677630e-01
1.624473884106465427e-01 1.441065539899762937e-01 8.235264076326277438e-01
1.502620346928149053e-03 9.276111825158946458e-03 6.891130899060265991e-02
-1.225933546169783450e-01 1.099991092836095086e-01 -2.179343954533188854e-03
2.376494534550388504e-02 5.074867890627601241e-01 7.294136820720621417e-01
6.044945678518029442e-03 -6.453523330072881425e-03 9.763280817831541947e-02
7.037474317954388603e-01 7.974398871761093632e-01 3.293553340539884244e-01
1.619583345553065046e-01 9.059459518880652595e-02 2.575172134252340372e-01
4.962727630037472859e-01 2.571346362779453054e-01 4.794083134693275516e-01
7.100852914777949776e-01 9.347310293630735067e-01 6.049394962284193600e-02
2.114429539183837470e-02 5.172214341660579251e-01 4.770752112768367192e-01
1.001463673426077339e-01 9.680709517144928666e-01 9.677881774252897751e-01
9.758479418051995147e-01 3.642764231737366520e-01 6.912123711552005112e-01
7.079027770003669673e-01 9.099454938003418425e-01 5.971005359166238202e-01
2.200350437270909287e-01 4.319035892558050760e-01 6.697431059767777750e-01
3.619302719774889487e-01 8.386915346292551643e-01 2.077152230660415100e-01
5.050017609542538644e-01 1.891325928547005208e-02 3.584085523534917828e-01
2.858341824921011021e-02 1.045647905508387265e-01 1.404451280098749921e-01
2.374669083995864238e-01 3.373672896163081303e-01 6.678577011063185909e-01
-1.783943120457796849e-02 3.827579798525561627e-01 2.671507287007668374e-02
-6.385946021994549915e-02 -1.227832169462035605e-02 1.116081594012680034e-01
1.027310544806137038e-02 1.420307914441590325e-02 1.237946282574789864e-01
-8.361452305803705742e-02 1.183210748817291073e-14 1.198898515886484967e-01
4.912938642247699494e-01 7.108319821563381380e-01 3.310108987420267157e-01
-3.221113145488610496e-02 -4.972972605123101436e-02 7.082116118172154806e-02
-1.602484313507673841e-01 7.424560021283435618e-02 -1.570803598076598445e-02
7.352119579054158249e-01 5.423433330909532835e-01 9.076506659531836663e-01
-5.229261078104377458e-02 -4.306959461372647513e-03 9.216404746486886457e-02
9.149788694537313027e-01 9.385416913610171719e-01 6.199800847736310905e-01
3.781123014279604844e-01 7.834988311468272792e-01 1.189663491372797699e-01
7.326739772693346975e-01 1.442174342267226184e-01 1.806973540979106563e-02
2.360049394673262579e-01 8.888035980298525374e-03 9.397334788770559388e-01
3.753635170226999884e-01 3.910365504957870053e-01 4.890038581290728770e-01
5.755135486407488843e-01 7.329098484700746763e-01 4.007169161576618066e-02
5.833178908043757938e-01 6.859490642848411479e-01 4.787291318644569804e-01
3.217661080442690835e-02 2.728055703096243789e-02 4.542517048765359888e-02
2.006216028240166427e-01 3.887816459220349019e-01 5.460272056566285448e-01
5.725031222038302614e-01 9.747558057381963126e-01 9.172273810992629395e-01
3.716879142740262543e-01 6.045827154005212201e-01 9.009431466255499732e-01
-1.225546143845841762e-02 -2.140261404310975224e-02 8.299621201151510808e-02
1.416096859680363376e-02 -4.602197881432536219e-02 2.890490431200848920e-01
-1.348574430859573459e-01 -1.091757985140725945e-01 -4.602853728819797374e-02
4.322633160204532587e-01 9.231644623931323235e-02 2.600444468305289081e-01
-3.790426889729286430e-01 -3.876145521389138815e-01 5.188528466435238240e-02
-3.298614663792734936e-01 -3.896928918645775064e-01 -1.007836884664484456e-01
6.370311249471672932e-01 8.291039465814663556e-01 4.111292082227319122e-01
-1.623148249190696779e-01 -2.023907690389434855e-01 7.124361956629758630e-02
-4.098023171917801744e-01 -3.846740794617065640e-01 -1.073508956442578571e-01
8.357575751371489892e-01 6.179444766999830918e-01 9.187563638281870393e-01
-8.480853986577018000e-02 -1.660685540458640697e-01 -1.034324329963992248e-02
-6.532227655373247510e-02 -5.676136774854905614e-02 1.135608261635642907e-01
1.916051720705765904e-01 3.315754938234003468e-01 3.281209905398067561e-01
1.163914249170928256e-01 4.576158824061854480e-01 1.135889050214324708e-01
1.796173224855778516e-01 3.820863069200608475e-02 5.595044369723731897e-02
1.522976213318592564e-01 -1.054715773710090815e-01 -1.091113672774438742e-02
-5.221634556294066365e-02 -7.991298417417677658e-03 1.554449984021345488e-01
8.456219862341827209e-01 9.938028007342576409e-01 9.347044449910978381e-01
-5.038372458882339755e-02 -1.222800870046422267e-01 1.451032137422616497e-01
1.425298218491278801e-01 -5.390830149370129387e-02 -3.352285002980815370e-05
8.632957194416793767e-01 4.874544997932132029e-01 7.613285968633816125e-01
1.182484645331425763e-02 -8.354267821649272174e-02 -5.807358363612321467e-02
2.794788454212487339e-01 3.953581709075700279e-01 1.033062396225058466e-01
3.356383377428302506e-01 3.439911470781322755e-01 5.261454404867162982e-01
-2.388595013364932726e-02 -1.521706148159421845e-01 -1.758818102895789992e-01
2.555122977177833876e-01 2.983787267491204431e-02 1.340104200614435914e-01
6.742930110822469292e-01 2.662972087545402156e-01 5.824725389561455913e-01
1.658271190019013769e-03 -2.352024411995178310e-01 -1.712436755583406078e-01
6.686998030189955644e-01 4.643816971050284126e-01 2.919627399768567333e-01
-5.866185679823840426e-02 -1.001226473687883284e-01 -3.278383042270076320e-02
5.583499115035678306e-02 -3.208220902393742191e-02 -9.441964172719762710e-03
2.953249037123669707e-01 3.158403819252300071e-01 2.075771562411610205e-01
8.184064716738602419e-02 2.920896359821861799e-02 1.687003655031743266e-01
1.034495215379553357e-01 -5.520704617926860958e-02 -4.248496897314972542e-02
-6.071692033586817416e-03 -3.282689246523601972e-02 7.197965748061772862e-02
1.742671289360445963e-01 5.879076886288490122e-01 6.320285764723465594e-02
8.612791173887711649e-01 2.688931576080035857e-01 4.114617774493702917e-01
-8.179510183216960606e-02 -1.297131756398323676e-01 3.997158172237819801e-02
-1.319712649288600978e-02 -4.032688719874526206e-02 1.204418761145586159e-01
7.608979218255319532e-01 3.134390749802290488e-01 9.733593995080598305e-01
-9.999999999999141520e-02 -9.390692103539806379e-02 1.339396722319959876e-01
2.032170595323162798e-01 -1.158586498302305312e-02 3.148927314733158955e-03
7.304891015468706339e-01 1.998426091376217517e-01 1.933164926146846430e-01
1.348578902784206002e-01 2.082397370726678243e-02 7.415119484350460310e-03
1.468646318203039036e-01 7.079545449273952351e-02 6.222438034485326674e-02
-1.532226249111418026e-02 1.394805553286029495e-02 -7.185070752909387959e-02
3.583331780150578183e-03 3.719014223337863689e-01 1.518778938877491380e-01
1.494825642176898506e-01 -5.973324778913226274e-02 -9.717227762616584275e-02
-1.505986989038752832e-01 -1.429499370950260834e-02 -2.051901039948447192e-01
1.203219032994269078e-01 -2.008706993120250653e-02 -3.116930405602723331e-02
7.462738035985483354e-01 9.606265347490239304e-02 2.524181836146771607e-01
-7.618024666590034188e-02 1.171550661507405125e-02 -1.241126894113053908e-01
5.545920487391164944e-03 3.914131470678455793e-02 3.223305255578803874e-03
4.849927467508616807e-01 1.240284220155192241e-01 5.624499792022349398e-01
-1.149387733233429715e-01 5.136501864025021930e-02 -2.588480316755753519e-01
2.880623801914300453e-01 3.291468481279397063e-01 2.782379355772309770e-01
8.816231538542012025e-01 1.857242666753829985e-01 2.296667107681840125e-01
6.710717021291920936e-01 4.183716016985161712e-02 9.758430643461318832e-01
8.751094831712511457e-01 7.462089276446858266e-01 3.713554152206871573e-01
1.696068220950194272e-01 3.167571217063118727e-01 9.950865409551045149e-01
6.876537852138904228e-01 6.324506944351528936e-01 6.929456219980183462e-01
4.805831805285010194e-02 8.074458384933366206e-01 2.033422966620633821e-01
1.394999024657429532e-01 3.947183783940090285e-01 7.990676928195556972e-01
9.008507205278626362e-02 3.048134389001823097e-01 6.385830991563612447e-02
5.696747296642510339e-01 9.667219235252413334e-01 6.453978891696066089e-01
3.479301088953323795e-02 6.805159257702475539e-02 4.076777258475219323e-01
9.157981564466978475e-02 3.401073869920308301e-02 -3.380028972043286339e-04
1.638812659748629594e-02 -3.879931203149603047e-02 -5.327109028151140457e-02
9.587802192150714220e-02 5.197250827813632706e-02 -1.224168237309419260e-01
6.158088258131587667e-01 5.666948286121664680e-02 2.164693869275051141e-01
1.310623273038131475e-01 9.629312064282535832e-02 5.876555428899739308e-02
-4.345856910236596538e-04 1.414151708072503288e-01 -9.483811364899008556e-02
7.375453136304016555e-01 1.670022687752623636e-01 8.128847184719190100e-01
4.363644855236144954e-02 -5.809382815978325620e-02 -8.597155971881112468e-02
9.482440603981880101e-02 -6.003825582967317609e-03 -9.360592355352145844e-02
8.549547736933700293e-01 1.594499992945791478e-01 3.226237278786709961e-01
2.713796685219482807e-01 -5.752412979620149386e-02 -6.149164490044592424e-02
1.857995051642233886e-01 8.667242956462151149e-01 8.202907728992218095e-01
1.342200191686244715e-01 6.116099617588012238e-01 3.336725716491766303e-01
2.273278740718471247e-01 3.819827022405191674e-01 2.630950053300596947e-01
3.774762254067746126e-01 3.292501318497320639e-02 9.481878724295307315e-01
4.467281695744667047e-01 7.215506501069798295e-01 8.855129038094636806e-01
4.271939824131341101e-01 2.269532033323745646e-01 4.232304717128483329e-01
1.318171009470070487e-03 2.072542894202822339e-02 4.551172113059936963e-01
6.161784520249412589e-01 6.654317234312381313e-01 6.488594902470103953e-01
2.264562692674385591e-01 1.882314366292517915e-01 5.453891381055969712e-01
1.804493531891402380e-01 9.671715144713219914e-01 8.929055993402149616e-01
4.561032425253573885e-01 9.936660220833657409e-01 5.499669204779517040e-01
4.098204728583744461e-02 4.790051331782629873e-02 9.082032336428606800e-02
-1.449305411754557571e-02 -6.735459683908540107e-02 2.718242590731478336e-01
-1.191954108740581053e-02 -5.101979469946207879e-02 3.659224668391780622e-02
2.869770255423528815e-02 -3.592704447909340904e-02 6.826941839996729378e-02
9.911879468577633467e-03 -3.947327331283265184e-03 8.395667191864351897e-02
-8.302094215669547639e-02 -4.124966061902497760e-02 7.522533551705022636e-02
7.099165603955603920e-02 8.820674331697585524e-01 6.917108347982465766e-01
-1.252272112915367996e-01 -5.021706511740041401e-02 6.047773502503115545e-02
-2.246972656993091455e-01 -2.161376878370349641e-01 2.960697308917049908e-02
3.887740712898402062e-01 6.953628852118381998e-01 8.023233455226321809e-01
-1.065115591752055502e-02 -1.796106822946788584e-02 1.058269764108935862e-01
2.925845579689822021e-02 -6.811575032013830744e-02 -1.039163892566662417e-01
1.291280721581671564e-01 -1.134465004338739980e-01 -7.344154427670838980e-02
3.740564052777933801e-02 5.437893361414286586e-01 -7.109590099126594787e-03
2.445622772654017230e-01 3.440249439601528181e-02 -3.104381101897953077e-02
-4.743848913596912520e-02 5.029236665476610746e-03 -5.531780643989604729e-02
5.632106876376823112e-02 -2.008983785666615951e-01 -2.088070117498722900e-01
7.874212145792188755e-01 3.767262711643429851e-01 4.371413031499199464e-01
1.091652810080966374e-01 -1.388634927969678023e-01 -1.566963854250123800e-01
1.439083334665036129e-01 -3.181177562970462225e-02 -6.025707789052840713e-02
4.160046144139036839e-01 8.851908614722137081e-02 6.790122647985423754e-01
6.019844510465729298e-02 -1.152592293487113839e-01 -9.700970640179859550e-02
8.131179033145864710e-02 2.524564260182726727e-02 8.781253552975104570e-02
1.446594985137280576e-01 1.297120539747698142e-01 4.928164232422373447e-01
-9.860337058206697369e-02 -1.072335782322869913e-01 -1.965623768408929217e-02
-2.296508299905575257e-02 -3.544676604485250127e-03 2.273294710907073149e-02
7.820935185751154428e-02 1.668041262160969707e-01 5.552168919574406170e-01
-1.562935687329866097e-01 -5.352432485473163082e-02 6.949903339039528727e-02
7.822984111138198138e-02 7.992109687639581406e-02 5.411996394950577827e-01
3.156413243525710843e-01 3.176409744836911075e-01 2.957643732532699299e-01
-3.859575840503832733e-01 -3.798621002352240428e-01 -6.506229778952969667e-02
4.705583120097215355e-01 8.929295768543021872e-02 3.915946491188661005e-01
-1.742926485890548549e-01 -1.651412749573779315e-01 -1.033533750453861089e-01
1.456040322320447944e-01 4.865598681419849858e-03 2.242172254136254317e-02
5.778031432317616567e-02 -2.353257891148034797e-02 -8.295730795655577305e-02
3.291494319462107826e-02 -1.195688096147225210e-02 -1.141471571798530205e-02
5.701132591528428328e-01 4.573175033506582388e-02 1.299237884268317211e-01
5.899082361182059198e-02 4.691505357282838018e-02 3.625719146897200817e-02
4.142692219235119544e-02 -1.008477530113063986e-01 -5.616011407627453933e-02
9.741128699136536451e-01 8.770691808291577463e-01 8.361496021755754349e-01
5.301266000352487101e-02 -2.017319548917514416e-01 -1.671033253369110239e-01
1.411531679401961670e-01 6.401724731025379422e-02 5.095255020193990847e-02
2.390852926848032745e-01 2.486330655055118966e-01 4.918204374210596308e-01
4.617036989496823424e-02 -5.902359344505503369e-02 -1.322947913389578289e-01
4.034020996639118284e-01 5.404887272163437784e-01 4.689997582618070648e-01
-1.328402874962922309e-01 -3.695276704003586793e-02 -8.671687446438754165e-02
1.685542297826278235e-01 3.595450507099640647e-01 2.183662527035058476e-01
-2.086688541289312693e-01 1.321423962921052311e-02 -1.888225990849706215e-01
-1.982552726506818519e-01 -5.234512019931445576e-02 -7.864334209949756793e-02
-9.057036811979411739e-02 -7.905465599780002114e-03 -2.296063275595771613e-01
6.997998946665869857e-01 9.027059240807571161e-01 8.513185413875450358e-01
-3.422066022509017702e-01 -1.177046720679448544e-01 -3.493159125092054063e-01
-1.574844268277195702e-01 3.870483710461174870e-02 -1.903805505906327467e-01
3.653417976525896727e-02 1.470503421289574009e-01 9.259469513544488217e-01
-4.435017865624557576e-01 -9.459012687114530527e-02 -4.892414253238460686e-01
7.784724491221561848e-02 7.211365863702946521e-01 2.612067407293368060e-01
2.751462872224935685e-01 8.933575207193454881e-01 3.512404793364054534e-01
8.294115092895750774e-01 4.868243667104794614e-01 7.757532327980690701e-01
1.640088549921333572e-01 6.123012518287074268e-02 3.342189834454634134e-02
9.405257364809745946e-01 7.687710607794466799e-01 9.024292028658409404e-02
9.927917218969055657e-01 2.450692909065221858e-02 8.936800473102490816e-02
7.486186618176391416e-01 6.764519136448663428e-01 3.587167880914575724e-01
9.205772926246471588e-01 6.051090532729470617e-01 9.319801281507045232e-02
9.604593482749251843e-01 5.508468905072529953e-01 8.822906915442390030e-01
4.948568459366006200e-01 1.096342620072225937e-01 6.892348872792670722e-01
7.692826062994001513e-01 7.390520335712646993e-01 9.436569125023964721e-01
-1.010519519205410471e-01 5.243497287272274460e-02 -1.400576940735839826e-01
-3.361194665536825776e-01 -6.427152054004454940e-02 -3.142098103347824023e-01
-4.594755217394434071e-02 2.141723469635495869e-01 -1.106089054776353414e-01
6.940229891308975427e-03 -1.038872870065712245e-02 -4.493428369222411678e-02
1.205254791276998416e-01 6.448304241946123394e-01 2.241867392000279624e-01
-3.775052936724430097e-01 4.359629390340084149e-02 -3.677614307216121592e-01
3.995855994166186420e-02 4.305408706341971037e-01 2.648630772819098311e-01
-5.383904149203346812e-01 -8.760316428406624001e-02 -5.157810451716950961e-01
-4.722113614359562672e-01 -2.430986309139459289e-01 -4.632123957846239204e-01
1.378641993947015143e-01 6.436945630266199814e-02 5.223944669950297826e-01
-5.186991486503907955e-01 -3.814078403641314452e-01 -4.468875511602903305e-01
9.819694121263395914e-01 3.118684117918174570e-01 2.013803761309540530e-02
8.035233782966957339e-01 6.652415941647055186e-01 3.902166916348223102e-01
7.673915522788135046e-01 4.207923674949337611e-01 6.116937703095380874e-01
8.335933688021368582e-01 4.086595017838999810e-01 5.457058277718215278e-01
4.379113165633289340e-01 6.980942776405938410e-01 1.129039712805844919e-01
4.648253570907143750e-01 4.875173491054516361e-01 7.364422294237696898e-01
4.192810160269161424e-01 5.996758447335783782e-01 4.769899416487188848e-02
7.325213272558059874e-01 5.785412715632327618e-01 6.018579260435935607e-01
8.122888273085419053e-01 1.069115325162454111e-01 7.295624286161118688e-01
2.726780848161635129e-01 2.511223315790891419e-01 4.371940157298341845e-01
3.695119311671187790e-01 8.119522861173541495e-01 6.971207734737960848e-02
8.882043655288757167e-02 -9.689004183201954667e-03 -5.548805229591242949e-02
-9.785817547968798935e-02 -1.903653228288691435e-01 -1.808152117660245806e-01
9.558742618100649069e-03 -2.483812274754593763e-01 -2.735354024611293955e-01
-3.776557765443252501e-01 -4.845433025746918032e-01 7.974602680749526273e-02
-3.282246724103320135e-02 -5.465850117859102353e-01 -5.148637157940568754e-01
-1.201147190954263283e-01 -5.062011417498055721e-01 -6.060647433475836454e-01
1.126837005899036237e-01 4.122823536537556510e-02 8.122556138222276623e-01
2.309721317031982607e-02 -4.717992790910842671e-01 -4.679270750150907876e-01
-1.048705283858501203e-01 -5.263971551342392363e-01 -5.167408647841285063e-01
6.314682610593979062e-01 7.665381017679887554e-01 4.494935541603539697e-01
1.189333992949484775e-01 -3.292092604530700850e-01 -3.049284980478759177e-01
-9.082156958848225381e-02 -4.032325249913691623e-02 1.114622547009453957e-01
2.436373411026764857e-01 2.771472137774860234e-01 4.386630404483385370e-01
-3.676784745973409041e-02 -1.243379424631851915e-02 5.111810642362299428e-02
-1.339216699807302680e-01 -4.059951644481682442e-02 -1.160310964298748859e-01
-9.562669994672647056e-02 -1.513326748538453559e-01 -6.247868949159283286e-02
7.006738587848282407e-02 9.382373643899150073e-02 1.666882820361841044e-01
4.136682181753414955e-02 9.436284379447759108e-01 9.796246030561039930e-02
1.305533153123050738e-02 8.624747003182109406e-03 1.281842780590064235e-01
-6.954099405972284653e-02 -7.318814857736637147e-02 6.999960682305583770e-02
6.596898251807395974e-01 5.056295659684852950e-01 6.860238931872275625e-02
-1.494086852735795334e-01 -1.936702838721429953e-01 -2.351078149839278333e-02
5.142653897224545856e-02 -6.386326355442180358e-02 -7.169958644960519600e-03
5.021222974477655698e-02 2.050893407096415766e-02 -2.990517392115508988e-02
4.884318117301484491e-02 -1.729279002800649528e-02 -1.042390123742799879e-01
2.332389794746835276e-01 -8.130078857969610939e-03 -9.794533525885051883e-03
7.373549876769869282e-02 2.758372641946362780e-01 7.507451517071130898e-01
5.874481527948081927e-02 -1.042012595328385971e-01 -1.002552627276196151e-01
5.828047186752960407e-01 4.093136259370702135e-01 4.091362758162309099e-02
-9.065741684788656760e-03 -1.522490117372320151e-01 -1.713959694830924085e-01
5.529922623145147598e-02 -1.215904115820376080e-01 -8.203554690853559483e-02
1.155572805700544325e-02 6.486623573190463121e-01 4.145359582368953744e-01
1.738469938679657323e-01 8.075853075457180286e-02 8.700576490055667023e-02
-5.867503561515044486e-02 -1.656744654741243439e-02 1.054381402159199066e-01
-2.842861703753826741e-02 -3.853647175547673248e-02 1.819758556601418220e-01
-2.950228383242492480e-02 1.295366605906969615e-03 1.875545437093983636e-01
-5.941719118555759127e-02 -5.668587361517493650e-02 5.181072531811763138e-02
-9.436156018056211792e-02 -1.009042930380672498e-01 2.844584006835958884e-02
-1.023732102775917058e-01 -6.937902145648344732e-02 7.280366739807866971e-02
6.167959009363043199e-01 4.898055039587618786e-01 4.634917827351868747e-01
-8.988646104250765101e-02 -9.884657041705036118e-02 7.954896020615459529e-02
-2.293399005334701979e-01 -1.828674147484139478e-01 1.059331784080600886e-01
5.006979534989239866e-01 8.355102588611352799e-01 6.780510015620634379e-01
-3.973232656963529563e-01 -4.193560964123336232e-01 2.523391354712498438e-02
-9.953032614974275383e-01 -9.291848420685751009e-01 -9.009931247123206255e-01
-4.696137994781505731e-01 -4.380396531104533975e-01 -4.184879126200797828e-01
-1.636009556017742894e-01 -1.458010531732561177e-01 -2.073376629843569907e-01
-2.176936731685486515e-01 -2.286609686134039032e-01 -3.557858607717280519e-02
-5.253261702537752598e-01 -5.220462342809628620e-01 -5.176778107802075812e-01
-6.764939496254883666e-01 -2.333499085259945205e-01 -7.302996596745170432e-01
1.875330081493942203e-02 1.105524082347900672e-01 6.761807844277195612e-01
-8.396624026059368306e-01 -8.272969720838732055e-01 -4.634586707443770770e-01
-9.019451067009802703e-01 -4.632150969853459088e-01 -9.199361650219320952e-01
1.767609826719140909e-02 4.511340887611394734e-01 3.569613579151691418e-01
-1.060255794883904645e+00 -1.107534369108938765e+00 -3.209305892018440298e-01
-5.267380128631512504e-01 -5.016039437176825766e-01 -4.652344045724435828e-01
8.877414637975833411e-02 1.357364407051837585e-01 2.517557516927064754e-01
-8.715921485923019962e-02 1.762664024527375861e-01 -2.788564121117301231e-02
-6.421979203745712406e-01 -8.568220020960852779e-01 -7.606473608779429352e-01
-2.207026518655451075e-01 -2.935399009021570360e-01 -2.913124718025732474e-01
-5.626751970529744185e-01 -6.089765949944108137e-01 -5.521312901041750543e-01
3.735653331889932094e-01 5.791112039132829681e-01 4.869128506497443221e-01
-4.570427672565117172e-01 -5.274806991261355993e-01 -5.382534934245463143e-01
-5.762399588806816908e-01 -1.576187469531339369e-01 -5.816468350028499712e-01
7.771798494592099260e-01 2.096417916724431230e-01 5.485707792206335753e-01
-1.166594041215805566e+00 -1.136326845982372991e+00 -1.044578699861299587e+00
5.554772956319356525e-02 -4.955482394124414991e-02 -5.680738051084252560e-03
-4.359170688291391649e-01 -4.493969472435992429e-01 -4.077036460693929665e-01
-8.719697366184369081e-01 -1.065386951556243966e+00 -1.023649112505374603e+00
-4.585250318329538444e-01 -4.239100176199834258e-01 -4.756191280339945315e-01
3.328471581624192210e-01 8.747724621069341566e-02 5.597217601340536142e-01
-1.081063050385897784e+00 -1.197141913117510059e+00 -1.179794294746090211e+00
2.185624718870459171e-01 7.437411474376434128e-01 3.946438362628293950e-01
-1.414425440476169360e+00 -1.415680100406680575e+00 -1.377701196110391990e+00
-9.229104543543661388e-01 -1.185477509771656113e+00 -1.199910634021793987e+00
8.357087329368696471e-01 8.928833453475240045e-01 9.901336704318015602e-01
-1.256750210725728900e+00 -1.243656588937886109e+00 -1.213446191940561247e+00
-2.194929414415480728e-01 -1.983770074492959279e-01 -1.538315671396563722e-01
-8.671199410820077391e-01 -1.478940532938961272e-01 -8.783936198353801128e-01
-2.440700808631499075e-01 2.060883927978813257e-01 -2.568083221689885787e-01
2.759330995076639814e-01 6.552460559431139142e-02 2.301745849971660318e-01
1.984405195899877350e-01 2.054978657700849143e-01 2.118682508924578656e-01
-5.608514162498099420e-01 -9.528986378983812788e-03 -5.717267391018794331e-01
1.898054642512083667e-01 1.844967555760060884e-01 8.732287912974576738e-01
-1.086749648493826603e+00 -2.983757821024196621e-01 -1.105991564917043757e+00
-1.016967705881926864e+00 -8.429958143517043423e-01 -1.017752074326812028e+00
8.332569788321219084e-01 6.088176368372858471e-01 6.298079498915983843e-01
-1.026252745593796645e+00 -1.203565512343152122e+00 -1.211511539488360656e+00
