3.148965650187163234e-01 6.713253701093490067e-01 7.168262833320415695e-01
8.878441328569293411e-02 3.839324874762810591e-01 6.124027207321851990e-02
4.505703936870371629e-01 3.441410727559999355e-02 3.326975780306111463e-02
2.363599781818866846e-02 2.476179561746107149e-02 2.457315189098234834e-02
6.363607544152344309e-02 6.502717460934553939e-02 1.838173516756645975e-01
1.017340381680064115e-03 9.926980572116054363e-04 1.606590410336964682e-03
3.939061704175916834e-02 9.603048802530893546e-01 1.465311769772003059e-01
6.074804972511511914e-03 3.645692009388933064e-03 2.463044496650050597e-02
2.641187759915210667e-02 4.014956854999868728e-03 8.503454703758614452e-03
8.448596782531354599e-01 3.413415621663851152e-02 6.382980427032005633e-01
4.638062196975780392e-03 6.262027859675992590e-03 1.989718428881015119e-02
7.219345811695988546e-01 7.058566127330714313e-01 4.352017595069997968e-01
6.293641941941764684e-02 9.146966704818529359e-02 1.104555551856277462e-01
7.737554495656533138e-02 3.801561210985485717e-01 7.794957781004173414e-02
1.161877589195261101e-01 9.140282186266637798e-02 8.061123105491407870e-02
2.969805878820715866e-02 2.615079752742021854e-02 2.450112412792603001e-02
1.016761256304007021e-03 7.923021480325604521e-03 5.474181319737852353e-03
5.727416289186035847e-01 7.015664276862824122e-01 8.983807262351513057e-01
1.671565133530876490e-02 6.977388334081877780e-03 6.302162418485333234e-03
2.956731198846171502e-03 4.500221351463169761e-03 5.829232763199779579e-03
3.729216894392799464e-01 2.549915042639019358e-01 2.743408592409241065e-01
9.538041863605477635e-03 8.477172108979783363e-03 8.606433899593259398e-03
9.626485491774823267e-01 7.324213127511608468e-01 8.493728763425230088e-01
2.707521022307739916e-02 3.031637421420296449e-02 2.828432185095574800e-02
3.686367767367906834e-02 4.405305197342678641e-02 2.189759206273525494e-01
5.857765964950072818e-02 4.889908530250786090e-01 1.219833100857721508e-01
1.012069292604648729e-01 9.927816893357274686e-02 1.014188447203037968e-01
1.579411530658895481e-03 2.159419552074337730e-03 1.695342602067320768e-03
1.949344248842626026e-01 9.887528944719625734e-02 1.449628142140393372e-01
1.551912428164814450e-02 7.928030493150765856e-03 4.167010371434397634e-03
6.560329818185093621e-03 1.667988397286761237e-03 2.491342922623643406e-03
1.993543398667072530e-01 9.082293160063726889e-01 5.193925748796297537e-01
4.097408630358040371e-03 4.042771142113781371e-03 4.031832536594760763e-03
1.407488286534570587e-01 3.863968347355388744e-01 1.483359607077930908e-01
1.067736164326504866e-01 7.975937481453695965e-02 9.538122862909469146e-02
1.459649090690322629e-02 1.571233573244751325e-02 1.705349875727693240e-02
7.499581776505237496e-02 2.054815506063846775e-01 2.035054516073822317e-01
2.855636989632020367e-02 3.461258895142510505e-01 1.536573113799746815e-01
1.237899978803092818e-03 1.352405650675444397e-03 6.500184879232727420e-03
6.771112479593053290e-01 1.346100856242309352e-01 8.528169336855168092e-01
3.135154328078439655e-03 1.324428664097229702e-02 1.075333620369223198e-02
4.274280993591600408e-02 2.635675475749036170e-03 8.327745034661770962e-03
2.180957133825588423e-01 8.907004298135483555e-01 6.161552163042047781e-01
8.429535329385529421e-03 4.605603676397755294e-03 7.176541458330177453e-03
1.371596462209356826e-02 9.589065393280560290e-02 2.212260975204325408e-01
2.362627495206377597e-03 3.177928267650450556e-01 2.333641304795507077e-02
-4.149394629482217045e-02 5.344847829933985217e-02 9.910383044439324829e-02
4.751703475010801703e-01 1.478263063731077853e-01 9.107166588709690869e-01
8.917626933507838416e-04 7.121679714094360236e-02 3.509450700110524068e-01
-4.955658591601393853e-02 1.550151716764864088e-02 1.367847979920203821e-02
3.388372577695084598e-01 4.042776586552043749e-02 7.953593555267309823e-01
-1.293668398176979440e-03 3.266626324819406346e-02 7.129421563779226798e-03
-1.214204967667797119e-01 5.753280354773495503e-02 5.850068654126160811e-02
5.294349145457730721e-01 4.386454993469887098e-01 4.317213678343356786e-02
2.484024115611369043e-03 -2.174064317905228388e-02 1.440788576235831411e-02
9.710152382013190753e-01 8.257977809660734803e-01 6.094635306071672920e-01
-5.242565016441950998e-02 6.472755852509209928e-02 7.807070435145208043e-02
-7.594686747109183345e-02 6.592985557877882596e-02 5.737569540937136753e-02
2.710223508131187620e-01 6.147816543890607388e-01 6.193667795580092283e-01
-4.240677369025977472e-02 1.042242267162398484e-01 9.649674468944241523e-02
-8.304956527964227342e-02 5.434596870889346620e-03 8.287875154222057754e-04
5.043739108459858178e-01 2.330967328296882357e-01 6.628613644739396182e-01
-7.637574364990667997e-02 5.631104581679821988e-03 5.808405727685070179e-03
-3.236024722324315483e-03 1.304381343250603509e-01 1.089499108707330938e-01
3.668404862135792310e-01 3.103484388970426666e-01 4.399549624040712814e-01
3.798759013465423662e-01 4.599929971506107051e-01 4.171802204668907943e-01
5.172179136366654717e-01 4.826295784644092368e-01 4.887314134575453384e-01
-1.285792830731091185e-01 1.964451882691869641e-02 1.679227920062170004e-02
3.323173034335247938e-02 8.695835572361249044e-02 2.897738281443179575e-01
-4.855406187028520060e-02 6.005070766361477741e-01 4.969518396860292397e-02
-2.864426524355145887e-02 2.396357089821471095e-02 9.696898423334210371e-03
-7.801864571186842290e-02 1.979413846499634890e-03 1.238764984022584174e-03
3.753070958175036553e-01 5.021964411211015111e-01 6.669961014095937557e-02
1.441442437441853575e-01 1.606251451281592302e-01 1.821727323603010984e-01
-7.353769153388155233e-02 4.441520900599161235e-03 3.497950881607281640e-03
8.673611437566950411e-01 6.907689786149463496e-01 2.169175628932245026e-01
2.480084259552861603e-02 4.101018211037436856e-02 3.850768838786938070e-02
4.154764397384914654e-01 5.120470903472541524e-01 8.019869018570550123e-01
3.916382252015717658e-01 4.929731000797152318e-01 5.260338483364932483e-01
1.883118404885886221e-02 5.701430260168671715e-03 3.849364731748214363e-02
-6.179737224521728023e-02 1.341792838638728724e-01 1.464890461649767939e-01
-7.268330724698134071e-02 4.279778168486129131e-01 5.904115951209814445e-02
-8.069692141899947879e-02 1.693214438435140801e-02 -9.473600974652222895e-02
4.538253502986488996e-02 8.853421851225448114e-01 6.172650810796901366e-01
-1.272791686013880486e-01 2.509339702679275891e-02 2.981072366400357859e-02
-1.007489525807808983e-01 3.380243415744825074e-03 3.140649938251743791e-03
3.088180668095332759e-01 9.483934684893111644e-01 5.361930727225954207e-01
-9.019329279887330908e-02 1.244060101031284338e-02 1.228585885072635935e-02
7.548325819866952280e-01 2.288661734393331315e-01 5.749396974085464462e-01
6.280170287108532978e-01 9.055821211393083603e-01 9.562923215074169425e-01
1.061323165789154616e-01 -9.694477531745906984e-02 1.146984544233958792e-01
1.291058823659796406e-02 -1.448385728252865601e-01 5.762359393722445156e-02
1.289327000962979253e-01 -1.033145680840819730e-02 2.320502687483014803e-01
1.500590189812732733e-01 7.843089524497979248e-01 2.711341073571560401e-02
3.961053108891170460e-01 6.971956785454708205e-01 7.336965882785567716e-01
8.833869079581243566e-01 7.813529740317380901e-01 3.417861295384339027e-02
1.146253939704125306e-02 -2.882566923588550378e-02 1.876577664180096791e-02
2.264007434515294959e-01 6.272199642732945168e-02 1.415573180094679140e-01
2.134149770409645916e-03 -9.808643075335334027e-02 2.362058087437143850e-02
9.784769710019408651e-01 7.269282095272454614e-01 6.116025048299248423e-01
3.260892770010511668e-04 -4.335708384486195582e-02 -5.465960361114753641e-02
6.358385088141287333e-01 1.369736690621915498e-01 2.830262388081505875e-02
1.488680054036515821e-01 1.472347177313892974e-02 9.230992989231623369e-02
4.351365534820640646e-02 -1.597449583370099957e-01 4.958814371591223347e-02
2.987767961970676511e-01 8.838104990167462427e-01 5.189348753458680186e-01
6.868681976238709685e-01 4.128672737060516962e-01 7.510486036938394117e-01
7.696330566027478719e-03 -3.009688019180345453e-02 3.104016747796795733e-02
3.726635832124315373e-01 8.665330379383547887e-01 2.319198564292597187e-01
3.642064559011803926e-02 3.080686672304033813e-01 6.327398322377626450e-01
-7.811697776133691429e-02 -1.400185458442315400e-01 8.295286098315764189e-03
5.821630396418169262e-01 6.943039581834355989e-01 7.362437851701606473e-01
3.715760193752429275e-02 -9.959449307658457817e-02 4.141311369981243856e-02
9.840560150720224775e-02 -1.633327266965333147e-01 9.601202605206637930e-03
5.278129891890523950e-01 7.773513897548364193e-01 9.018562771727610672e-01
2.887820399022225648e-01 8.514725497841635349e-02 3.061211338349327793e-01
4.353564234537718111e-03 -8.897578265610447956e-02 1.099520926578542376e-02
8.428252178770824221e-01 6.364251995188323630e-01 3.780479629201938252e-01
8.132241491523051549e-03 -1.874139008062622180e-01 4.541899942556325807e-03
9.713472897049636456e-01 8.981199219994728811e-02 1.910119920480853883e-01
5.306207615089623131e-01 3.054657227965476007e-01 1.312344685822570689e-01
5.386966168251794418e-01 9.876504063200516326e-01 7.495613800927426462e-01
4.893905514035755688e-01 7.146446319259258662e-02 2.392753482631568840e-01
4.342263819313053053e-01 -8.172860677346913127e-02 7.907305604978740604e-03
8.108206728053478363e-02 -5.970689426303871228e-02 8.386610946345940398e-02
8.657237164491626835e-02 3.814634325517317626e-01 5.398951792586816900e-01
8.144476852407138701e-01 5.337598404154905163e-01 7.120762556006903221e-01
1.758555333611378987e-02 -5.027793433143798452e-02 1.570028266988338431e-02
4.570053491951684421e-01 5.899193587260073146e-01 2.200119445866269841e-01
1.218581341924200867e-01 1.684758526970480119e-01 7.394997605643767180e-01
5.358489704991731273e-02 9.558895862209896774e-03 5.391915933632006330e-02
8.550301546497189875e-01 1.588075759771565565e-01 7.388491003072865659e-01
5.168361924230548965e-01 5.941632646306319598e-01 5.284710382009587537e-01
8.283824843790765780e-02 8.012261829511546640e-01 5.796444377551474014e-01
2.621030100627363968e-02 4.148167487436097978e-01 -6.752301350880660080e-02
1.016956287587980623e-01 3.380361821893036745e-02 -2.701502061299021484e-02
4.323159072837415295e-01 5.006353403218026799e-01 2.482431430041995013e-01
2.664628650953031475e-01 4.944525852310517333e-01 1.768940890429356871e-01
4.020745612320115320e-02 3.535705837075991519e-03 -4.902094222696561782e-02
3.492459826862078787e-01 7.050139565004062137e-01 6.796578888188610224e-01
2.396778302070247668e-01 2.085437700740657985e-01 1.047680318858545956e-01
2.871795575668720235e-02 1.643172227595585816e-02 -5.046648926147846714e-02
4.325286895693190026e-01 3.019512680937075366e-02 2.471633959699013339e-01
5.535872626716918932e-01 6.461179378094176196e-01 3.806866760568287655e-01
3.984030496443878855e-01 1.522842696430378728e-01 4.441316767903243923e-01
6.304084893649680721e-01 6.532377837101046580e-01 5.957675067171066541e-01
1.666774204137811202e-02 3.025281652227779228e-01 -4.769470820285288265e-02
3.747469499079720823e-01 1.964083572939616384e-01 1.501880804453414042e-01
2.680033732798848406e-02 2.524432929815357413e-02 -1.260708866929141914e-01
3.648243532436135084e-02 -1.263131880729637668e-01 -1.320099009927718225e-01
9.154360772380896183e-01 6.200976270347074992e-01 4.754365087339333940e-01
2.841927738122147495e-01 2.873610002600401891e-01 1.677097129111338458e-01
2.279211298088235690e-03 2.154777182137054218e-03 -3.601305567708294828e-05
6.817178435313341334e-01 5.332658024519453255e-01 3.508511550616020269e-01
1.767760979228808274e-02 1.802967976696870714e-02 1.802967976696870714e-02
7.813160373849248330e-02 6.837797589901883910e-03 2.267479339634803637e-01
2.900860942513535864e-03 2.900326718789702184e-03 -2.047530358884796370e-02
3.142566202537951936e-01 3.558175924053259553e-01 1.731083941789072211e-01
1.383245139896467357e-01 1.603963689180045449e-01 -1.082332256263579540e-02
1.027194972663195149e-01 -6.269348044413866616e-02 4.710152364829511829e-02
4.673401375216197640e-02 4.862122957131332496e-02 -3.675380019753910626e-02
5.468291506530397195e-01 5.584907253501022462e-01 3.571534410707253304e-01
6.750587643624562234e-03 6.692468040988749749e-03 2.343114875546942547e-03
5.466980742249842595e-02 5.349809961525889279e-02 4.930178484989738985e-02
2.754784900719462470e-01 6.648418714583493871e-01 8.745851567115379144e-01
3.294797122717670057e-02 8.649913399873598169e-03 -3.462094481890896913e-02
1.781392517568762823e-01 7.293424007542875787e-01 2.206540985260494470e-01
6.826577025740829252e-02 7.467937943048577609e-02 5.506542460488393631e-02
3.911134941637572915e-01 4.456846727125031160e-01 2.572604357477913384e-01
1.591415517746062047e-01 1.722686855114674565e-01 4.894015249815264479e-02
1.299339105585847753e-01 4.564847298700723255e-01 4.730606768524651257e-02
6.078983146065922421e-04 6.470837770214009008e-04 -3.736827710809245695e-02
8.534883207229186919e-01 4.521661486772354799e-03 6.856737867678628362e-01
7.374307182726760022e-03 6.992595166155596113e-03 -3.624923724967152663e-03
3.649774498341614160e-01 4.293757830409083986e-01 4.910208824473529243e-01
8.504379649696008903e-01 9.995307723630316721e-01 6.960099661591703235e-01
4.657504196336429564e-02 4.454521953412855784e-02 1.343220540434859368e-02
5.232686743270121843e-01 8.797462966474695056e-01 7.623620143465537069e-01
6.768469823010392350e-01 4.300987868254418922e-01 4.003643977082758099e-01
6.572890875001580202e-02 7.279117964185608525e-01 8.331942860680308094e-01
4.079631771245665339e-01 9.334766782460413026e-02 4.825190346148634513e-01
2.719222076810040578e-01 1.872523163597743581e-02 4.030997288201916273e-01
5.604848860997262427e-01 3.800748267399182145e-01 5.453671981685752623e-01
4.481426775362886694e-01 9.590216320039663955e-01 3.257524054860461149e-04
2.198419303628312838e-01 3.839991600820399920e-02 1.934203065833579593e-01
7.924349735264957229e-02 5.433568723865735972e-01 4.490857415724012203e-01
3.802669455796121589e-01 7.517049822008969873e-02 2.311988569754674927e-01
1.841583439828786695e-02 -1.797379042463920218e-02 1.282665705073816609e-01
4.011976195979440885e-01 3.142888095959917027e-02 9.139896260625751667e-01
-6.578799060283316291e-02 -9.240424075222944400e-02 9.082431026210516234e-02
1.677095927015492816e-01 9.294233544357116683e-01 9.244554279140997366e-01
3.016278232005293880e-01 3.048762201265651228e-01 1.716563106786431758e-01
6.528560382685064667e-01 4.291745049890161035e-01 7.574776770405112769e-01
1.492123376045935146e-01 7.781440931120426896e-01 9.740681035490652562e-01
4.506919151269657142e-01 8.259618886384998415e-01 3.144966482629866222e-01
-1.415545232049627844e-01 -2.792187262224909983e-02 4.771279335687909212e-02
3.101546529453160783e-01 4.730493525157341006e-01 1.384608051332555378e-01
4.332387251024609753e-01 6.212643136885398487e-01 6.983279899375971489e-03
5.590409537828582298e-01 1.419469740376477773e-02 9.162049647877741343e-01
5.899067517583820308e-01 7.463342878558976157e-02 3.111110266678459579e-01
-1.119958680117612015e-01 -7.152883729201398033e-02 9.817490405112419202e-03
-1.491865563441746589e-02 -1.120125120731000345e-01 1.888604115506409276e-02
6.411784639789650520e-01 4.412026184210803836e-01 4.867752061870717073e-01
1.831668207275822802e-01 1.961410677291138827e-01 2.228395441375799202e-01
-1.775980102541210304e-01 -1.420648433060235916e-01 6.695024719279328747e-03
2.172135674615613965e-01 9.393913673729871183e-01 2.805367474213871226e-02
2.180798617492285540e-02 5.541455211108609058e-02 7.201938794869619520e-02
8.112308681852365977e-01 4.501293635107062041e-01 9.765169783527112290e-01
6.765118114628576595e-01 7.631746899091760294e-01 4.413710912867612191e-01
6.416240975157405657e-01 6.867650373397329311e-01 3.198810511395446810e-01
1.720136468013587772e-01 7.108937275019094892e-01 2.321692860764122956e-01
5.139531585504135691e-01 3.095622052061285379e-01 4.598506513714293864e-01
5.193449769818450079e-01 5.854071605789341604e-01 1.115839392704777167e-01
-1.077462596239908699e-02 -2.972179024380117163e-02 2.289679983372307770e-01
2.837631723662156213e-01 3.811863992905856202e-01 5.031212984222965812e-02
-9.431828048930840369e-02 7.956909618330010314e-03 4.273014766733818082e-02
1.878617272696525564e-01 9.512525830213665046e-01 8.922679898893028927e-01
3.959189634488549658e-02 6.172928960780843521e-02 6.409978759646817181e-02
-1.674275232435917249e-01 -6.477981523826029098e-02 3.857734434876213675e-02
4.300405143375912731e-01 1.608451610873298243e-01 5.060139631511372249e-01
8.800373427598116027e-01 5.232431649209554614e-01 3.785857970964827679e-01
9.937985326142271258e-01 7.009790819795866934e-01 3.857548484159115665e-01
6.888782844111608350e-01 8.364817080965432083e-01 4.966912269084102771e-01
2.628531375914640589e-01 3.431466550236521584e-01 2.641218802402623966e-01
1.163411129064974292e-01 7.438686873840338887e-02 1.950278771564115665e-01
2.571199691499921336e-01 2.496751326192471199e-01 4.353169541459690484e-01
-8.062889908038012310e-02 1.206900579110601335e-01 -1.009449228693299477e-01
2.513672845123074984e-01 5.489105558478755142e-01 3.425756899727179228e-01
1.404632135809044113e-01 3.479710165066998151e-01 3.501291282977734287e-01
1.521410967971982275e-01 2.457951944738125949e-01 2.892448039293915585e-01
6.667742751555172376e-02 5.862780369717992546e-01 7.141663100179604928e-01
-7.901715564587596941e-02 -1.732302975085365515e-01 5.147773028330321354e-02
9.135865427177535247e-01 9.865971424775312748e-01 6.719906321381349246e-01
1.437655342422453075e-01 3.331699649851764811e-01 1.276921366094275478e-01
4.400208946612758631e-01 5.829041798798395568e-02 1.594314853475017890e-01
1.849957829838302370e-01 4.423103071153891008e-01 1.539217799856240632e-01
5.521494669948199263e-01 1.555016790008288963e-01 2.862634561144792311e-01
-8.122564281798236308e-02 7.343219761846349336e-02 -1.319674932369006293e-01
3.992325431286233295e-01 5.456643166847091608e-01 1.662805857394181741e-01
-1.456279032320188238e-01 4.683813838012455648e-03 -1.186279842891425629e-01
1.303241533286267351e-02 4.185676211078932785e-02 -3.457912900523621436e-02
7.265990927317759196e-01 6.385888234792028717e-01 3.411791535470127812e-01
2.593749568326543242e-01 -6.745975323750375008e-02 4.047634674700545387e-02
2.541936965984751273e-01 4.763463211937084552e-01 6.234406043673328401e-01
7.573570899562426240e-02 2.228781721470224908e-01 1.518881733943616696e-02
3.236192453700970084e-01 3.892607133275804987e-01 2.373928703607638413e-01
1.952742165319043544e-01 5.191511304449700770e-01 1.598553725990841112e-01
3.443936808772607439e-01 5.430997510326250888e-01 9.294159536602376592e-01
-4.103365331732078403e-02 1.567082704780075053e-01 -9.665974482119030209e-02
7.103714077809970551e-01 7.948036400046667449e-01 4.854998955404591365e-01
7.412140274928834538e-01 1.732113117056155449e-02 8.811083326857140907e-01
1.118964058196332267e-01 2.138215807696071113e-01 3.370459552626003941e-02
4.686200178097826852e-01 6.800519415462815687e-01 6.883368619152818724e-01
6.468139330658068120e-02 6.661393541843202426e-02 -1.139212166335646648e-01
6.328419889971547141e-01 3.578900844127075320e-01 5.929480814780149212e-01
2.473208629064804764e-01 4.655523879882892402e-01 5.847384153246852900e-01
4.046180545032781462e-01 5.287093043999222530e-01 1.417369819265037467e-01
3.540721753336800726e-01 3.630654428202216844e-01 3.352798967922874240e-01
2.611112899057478343e-01 4.590981312641237988e-01 3.094882997053119977e-01
3.578577696334962477e-01 6.961991291166735873e-01 5.445412804203343393e-01
7.774598361196016771e-01 3.618828541554706124e-01 2.215985919768219681e-01
-1.597036376623210130e-01 -8.376270610344631329e-02 -2.009016802574727922e-01
-8.252008469093938259e-02 3.682886798624018798e-02 -6.894191402414583114e-02
2.759772585902688924e-01 8.736048467897555847e-01 4.424153970179500739e-02
1.175819146159762241e-01 3.026054875247541909e-01 9.760860091003303873e-02
8.463683286745694589e-01 3.512106543268822545e-02 8.615290683709915243e-01
9.147426330366027480e-01 6.469023436257309578e-01 7.632887805138381943e-01
1.862025077584883448e-01 1.358989773376632071e-01 -9.952982198674514835e-02
3.675192604334252544e-01 2.176029856171183274e-01 2.864481642285109375e-01
4.491554809006204074e-01 2.631387871484613949e-02 4.774702806505454200e-01
3.883991863535528055e-01 3.396774108162304850e-01 1.502525612953053979e-01
9.079554514554044609e-02 2.818529614513076709e-02 5.474185125168784527e-02
2.928452569322359533e-02 1.395279112899144303e-01 3.191943618666569504e-01
2.425444566770204591e-02 -1.785233649635180608e-01 -1.895503132814835290e-02
5.850959295066637811e-01 9.147036748575178011e-01 5.976433243554263308e-01
2.997818953721468338e-01 3.619976179445034137e-01 3.007747508416012128e-01
4.146589770418382948e-01 5.547722092144629080e-01 7.819557936235350670e-01
9.078333774667394218e-01 6.402298138724782373e-01 6.207861517416304320e-01
4.227187229934060708e-01 7.315443270905588324e-01 5.119251781930622691e-03
2.678888763311821908e-01 -5.735358016195138409e-02 1.252448730552158107e-02
2.997092894143073005e-01 7.983606410148896826e-02 6.991227493949042637e-02
5.617536327132395257e-01 5.817916833030347679e-01 9.079800948938019367e-01
8.665891150300486512e-01 5.288106214833571128e-01 6.782634352570884317e-01
8.036113602458516691e-02 -1.383877305617695064e-01 6.602537038809581649e-01
7.831577925494892511e-02 3.898703980265694202e-02 -8.189015890099074491e-02
5.183072190794096867e-01 9.521953823175811626e-01 8.838657110628228564e-01
-1.152818087830174143e-01 -3.862732882438003612e-01 -3.141962560335171961e-01
1.940181297756835566e-01 9.937369938202514907e-01 5.938647233577247775e-01
5.629761444610515992e-04 -2.519421356179827459e-02 -1.232762380151030263e-01
6.614660365507063489e-02 8.591210971645514283e-01 3.469691536629584405e-01
2.654012619392962513e-01 4.064500965528606846e-01 8.493356597895840299e-02
9.289417283327154884e-01 4.916688366645281527e-01 7.703746564249723816e-01
3.605036706962386206e-01 1.534671842379215501e-01 2.648607588088282006e-01
4.239064133491421416e-02 5.331830810686059019e-01 6.044733799945690711e-01
-2.812197307677503921e-02 -2.357995660101297741e-01 -2.173351508729493287e-01
7.661072177713411646e-01 4.809695719301886330e-01 4.603523722093439963e-01
8.796949872095025658e-01 3.515337175425747862e-02 9.613706888098803027e-01
5.214435306355617028e-01 3.805369130560347646e-01 4.974906387215486392e-01
5.506762832217469983e-01 1.955470720297655118e-01 4.841152271530607676e-01
1.019092063888670657e-01 -9.845791363430089760e-02 -5.914290681764772240e-03
8.858376114347389363e-01 5.907024273276627602e-01 5.208631524194701212e-01
3.040834822079521160e-01 2.573989665043975306e-01 1.175991618232274938e-02
3.610258391839687997e-01 2.512620016151121405e-01 7.268447593206596169e-01
1.871888122326959263e-03 -7.921411676398204538e-03 -6.101989971771346055e-02
3.510287157425886484e-01 2.719181154224843411e-01 6.601008523754282598e-01
1.704392051983570910e-01 3.822825427970806267e-01 7.705942731182598981e-01
9.336334490057207613e-02 -4.882014866870357239e-02 1.666404990448292212e-01
8.673601747970089981e-01 8.351769077796142859e-01 5.381031866295904464e-03
4.631341476325768758e-01 4.612123977088713467e-01 5.924414479162964930e-02
5.540555642388216295e-01 1.623077196049383941e-01 7.770598954272900372e-01
6.920945778344518295e-01 7.617269197693974370e-01 7.397451291350063407e-01
9.012616046981242190e-01 7.740090556626347817e-01 9.241195742452339434e-01
9.669752474969426359e-01 5.970386117590930075e-01 4.490474059631877068e-03
3.574634529306762731e-01 6.278072783816166513e-01 1.043078481736808838e-01
7.228067936688274964e-01 5.804931070046048802e-01 7.712934155893373944e-01
7.318028929694775364e-01 7.075703888426397858e-01 6.507194220347495284e-01
3.181354034504607631e-01 2.274829874684038966e-01 8.633237433850327047e-02
7.241068488483221044e-02 2.349440466266744520e-01 1.818885797082789857e-01
1.217909041397025049e-02 8.454099929558878124e-01 2.929785159754222379e-01
2.610041598371082294e-01 7.265749217545053318e-01 5.897066680422438090e-01
2.887727729634826934e-01 6.578026757197330543e-02 6.732600540973167069e-01
7.471383534448750030e-01 2.557752049452306498e-01 9.103225242160818409e-01
4.836671033331706449e-01 9.610655779803277676e-01 4.760064344734389330e-01
3.574279334292800314e-01 3.354687143487056211e-01 3.416240186745798102e-01
9.314854065012309059e-01 5.004707974687802041e-01 3.383068270251879950e-01
9.230002064349182023e-01 2.879348505067356179e-01 9.854068889227725059e-01
9.610542464244176131e-01 1.748124622610236489e-02 2.271029809832134649e-01
1.234729648946312208e-01 7.012513546797329855e-01 9.397489526332374332e-01
1.524473234285839141e-02 9.374224945171762968e-01 8.164323587347936950e-01
2.367458950837645348e-01 4.912035602514263077e-01 1.342226500502305964e-01
1.634312783079603371e-01 1.454361767721653598e-01 2.496719612120723575e-01
5.254061173998931800e-01 7.303614561716709197e-02 5.957951529564334825e-01
1.762430373317425136e-02 8.678476856426589059e-01 5.799548888926273627e-01
8.526492895565874752e-01 2.275935253539371761e-01 9.977863190255262804e-01
3.459475503995117496e-01 4.089661281219421074e-01 5.341995647941579772e-01
9.683869151280972698e-01 4.144164346798900889e-01 6.217966016562722631e-01
2.617020310277260453e-01 1.699687634528459501e-01 8.559446840858446759e-01
1.729887575293983515e-01 4.735417650186343197e-01 9.963512378855503560e-01
6.061009854682140041e-01 2.359881780537205209e-01 6.166664509817467721e-01
3.699547755993575215e-01 2.345449011041017551e-01 7.635386582261707300e-01
5.836767176910706567e-02 7.005915512334862649e-01 1.898892123363881135e-01
2.474511984536529319e-01 5.380126781371807887e-02 5.892429272655145267e-01
3.187825726509868618e-01 1.752918555226455899e-01 7.419785171856769779e-01
9.937724555089869072e-02 2.598677373518455402e-01 2.425675774133564389e-01
5.035136703471421171e-01 3.097919847076074928e-01 7.889545131924990962e-02
4.534086547754729857e-01 2.389192224616143445e-01 5.130282513542093747e-01
2.080741374607646410e-01 4.786212289585621837e-01 7.763379074472364083e-01
9.184523967564305336e-01 1.049743340775780576e-01 5.062161897909616126e-01
1.114538110350726807e-01 3.614447249499577186e-01 4.600369744574691611e-01
6.323025077364715640e-01 3.827569242143880057e-01 3.166995075617183852e-01
1.832250158158282849e-01 5.001910252415983082e-01 4.189616834345367136e-01
7.872228495278781324e-01 7.165802952659154901e-01 4.658955202860648459e-01
7.284475756372826849e-01 2.749635349926571326e-01 2.637205040641343867e-01
