2.765162321376984575e-02 2.638946207118635437e-02 6.120725945639421406e-02
1.335257602172486568e-01 6.691753366247312762e-01 9.450867657248673837e-03
5.466687908780998306e-01 1.768995289601964227e-01 1.707524554282477680e-01
-1.528458668023852801e-02 4.335671591140592002e-02 -3.469888512424539745e-02
9.208088757460231033e-02 1.213827819293061827e-01 5.052041583887002529e-01
3.814962715943781557e-02 2.356365471883979379e-01 1.143372558067815015e-02
5.729688941716061246e-01 5.017611771552616950e-01 8.341104845935395362e-01
1.930723942950442196e-02 2.451597624784289109e-01 4.175788406867841918e-02
-4.131478438522019625e-02 7.510900283570555447e-02 -4.298863790508111737e-02
5.130550912534013186e-01 6.330495022876531097e-01 1.130417940370068708e-01
-1.014778343483965645e-01 5.649522352319688578e-02 -2.129612020408374329e-01
8.467305207615055673e-01 8.327907195457485701e-01 3.060954045626771425e-01
2.750802530571588855e-01 1.806895698172868991e-01 7.059502259086746223e-01
1.939316721866938542e-01 6.531829612933599538e-01 2.033181007043423638e-01
4.478837382036732206e-01 2.455302947087865117e-01 2.139550401172084504e-01
-3.920905319291774493e-02 1.982788918030713859e-02 -4.740536741110785990e-02
6.183993792030000047e-02 3.456002725272867560e-01 -9.932202515338758864e-03
6.261000958328678534e-01 7.383900421611250264e-01 2.526979634316069978e-01
-2.248919755058025396e-02 -6.554298618462739423e-02 2.034947099624388744e-01
2.071016736961936999e-01 3.705965540261640934e-02 4.783269152132159363e-02
3.558492049371498878e-01 8.041979451599443607e-01 2.529149007706670282e-01
-5.507802918554649541e-02 8.011325188283906218e-02 -5.188913488582578420e-02
3.340739567320419878e-01 6.336971657327948870e-01 8.938097836734881785e-02
-3.570472180775421944e-02 1.614981135593313716e-02 -1.656262868441836789e-01
2.330943081178599163e-01 2.555553832894043587e-01 6.950283153829123206e-01
9.040539365410311945e-02 7.013746044082920239e-01 9.804719253968664783e-02
7.359413932877657549e-01 1.170353380193266402e-01 1.245454600405299234e-01
-4.532055457431509449e-02 -3.124074875772215459e-02 1.511603072607745624e-01
8.965683679508379411e-01 7.234863035527137054e-01 8.669355382484589256e-01
-1.420893932713389041e-01 6.807302225247251204e-02 -5.932859290320562778e-02
9.572340494273849643e-03 3.176255941341984967e-01 -5.291021924206662508e-04
2.808555734799860204e-01 1.736375467164181785e-01 4.644743636185166835e-02
-4.095913140971846333e-02 2.673055766773868025e-01 1.262997541361474130e-02
5.993791883949149968e-01 6.935567721039820333e-01 6.574212759187277877e-01
5.135842552696354701e-01 2.282065975505987721e-01 2.158297672994199390e-01
-2.617229953505556539e-02 -6.303191044463737902e-03 1.078658824302539815e-01
2.160058867516926884e-01 1.820741884519584408e-01 5.980676934409795420e-01
2.399594754990126699e-02 7.344793831816520679e-01 5.882095201259728706e-02
2.252739542236957548e-01 2.338493945504065141e-02 1.684489933928667860e-03
2.028640508308461321e-01 4.005399193971508343e-01 5.678948592575293608e-01
6.250344698955592748e-02 2.153805321550950613e-01 6.634020662450966499e-02
-3.004792223177692179e-02 8.222060857861472616e-02 -3.832862988382257363e-02
4.395487732492644462e-01 4.965861719453796841e-01 3.581886856309798306e-01
6.520881759942001588e-02 2.402847749611573269e-01 6.122888394574768633e-02
3.711226618246521447e-03 2.032738684302064502e-01 5.498758308027752451e-01
1.329456841624351293e-01 7.444383443127721156e-01 1.332350639087117594e-01
-4.255435575534885495e-02 -8.972667188753054301e-02 6.380634733858799035e-02
-1.741473381417935062e-01 2.721919388350846000e-02 8.097192852487883341e-02
1.628488031241952516e-01 2.496850488092466069e-01 7.965138500781415720e-01
-1.115824633854549386e-01 -3.238038138230408397e-03 1.087813326943143644e-01
5.527517372777231985e-01 5.103740411973006763e-01 2.430400255882460003e-01
-3.223185657642583246e-01 -8.402717421760672045e-02 2.619223554127559916e-01
-1.517425231116875661e-01 2.761798930105376082e-02 -1.506407437742064981e-01
9.477079054044680317e-01 4.115863763761893335e-01 2.080372936744449008e-01
-2.093288383149899679e-01 -2.225280633063673186e-01 9.465362119852048506e-02
6.515548016548839971e-01 6.290015025366328949e-01 7.695881835244031688e-01
1.315425788037767330e-01 1.427917106389464397e-01 5.785521582824192377e-01
-7.368304875323261616e-02 7.230922665049062115e-01 7.330389183227650762e-02
-8.970661877031471665e-02 -3.942076291694050771e-02 3.431258029469389653e-02
-8.697935618455110429e-02 2.715813077769684350e-02 -1.145038129509001745e-03
1.664540860745689077e-03 2.198413866350753532e-01 2.099316420507444519e-02
6.835842187940254222e-01 6.920273482030874224e-01 3.638390963044565440e-01
-1.290133579607070369e-01 -1.361809318098684829e-01 1.616851039541802870e-01
-9.589485763861721468e-02 5.122780400663784657e-03 5.559342987371271305e-02
5.685959432711442663e-01 2.639197796435539534e-01 2.643324346238817846e-03
-2.072117610871749560e-01 -1.996278100928489674e-01 2.643764234197078580e-02
1.915770162456272852e-01 9.763416753758351607e-01 4.523928426593634144e-01
-5.865656900943028162e-02 8.102437285686634599e-03 9.353566848036895531e-02
9.531933767691844195e-02 1.491426962930382794e-01 4.786616461568843350e-01
1.592248181879740709e-02 4.395055080765305489e-01 5.401185207048860015e-02
-3.272952163717024465e-02 -3.857307276076306357e-02 -1.577116085963328751e-02
-1.145393776290450361e-01 4.268635650261287662e-02 1.865331908657552051e-01
4.301970920814678356e-01 2.112520646582705108e-02 8.843647419003245469e-01
-2.550063538487222226e-01 -1.652966102218109135e-01 7.445981277615992822e-02
-2.326856121907395492e-01 7.927092321212725334e-02 -1.474904007417042195e-01
6.317039606801433393e-02 6.107290401288266724e-01 8.220972769790384493e-01
-2.060830183824957362e-01 -1.606874139549589464e-01 7.507517953017163459e-02
6.631377104351510177e-01 4.475962758127657315e-01 4.350080100747178991e-01
-1.050044848790278040e-01 -5.021921347175228173e-02 3.763091107249637995e-02
3.669337669661087986e-02 2.695040346105716245e-02 1.150657405122066657e-01
4.890852319568927964e-03 4.861040548270745276e-03 5.150607363111708858e-01
1.509386319220809014e-01 7.436319822096150167e-01 5.717282786980815157e-02
-4.760481404250516135e-01 -1.728287449620243554e-01 -1.307674862337238064e-03
5.631684995303612995e-01 8.028036302412311365e-02 2.689670665509958924e-01
-1.780555075763471939e-01 -1.391617811697550278e-01 5.181695082464194552e-02
-1.237933345499032389e-01 4.395692685444831799e-02 -4.367521581066330372e-02
5.365957606841009753e-02 2.237270718405515169e-01 2.084105046254969285e-02
-2.061872686073346894e-01 2.084990353934739193e-01 -1.044070850100054654e-01
5.924574515053778745e-01 1.636330511891417316e-01 8.479453753994209420e-01
-1.530693047109945026e-01 -5.666694137265868569e-01 -5.521731447305028295e-01
5.304017858186819145e-01 2.288034022640811349e-02 7.284027150621108504e-02
1.003308714887728575e-01 -3.164504514298041582e-01 -2.109195396853782989e-01
5.014793651718819911e-02 -9.807757728374261186e-02 7.204045917628341122e-01
-3.406728536902055016e-01 -5.505847090193813909e-01 6.104135233837720137e-02
4.500075721447445165e-01 9.588242766932401073e-01 2.556425657162197940e-02
-3.132183721210066718e-01 -5.595486441693603430e-01 1.514834299740403997e-02
9.434716676018931047e-02 -2.693245274878934836e-01 -3.161535240237126620e-01
2.986071401358356692e-01 5.180033175752840613e-02 1.259818714527455308e-01
-3.330014276311714649e-01 -3.011055519859299756e-01 1.568407111050981184e-01
2.845968747240726904e-01 3.445137723378728367e-01 9.051116286248549470e-01
1.829757786066678327e-01 1.262400274780584031e-03 4.765287263177146460e-01
-5.179359974176873244e-02 -4.790913858378527124e-01 -4.186011234533705827e-01
6.907965693237205773e-01 -9.441746234929770942e-03 1.054818442229330244e-01
-1.807202921304707499e-01 -3.183246858339522922e-01 5.201921084061826572e-02
2.886569812016774247e-02 -3.189234002321381656e-01 -3.124806137626195968e-01
5.899011208543042395e-01 9.154320197095944245e-01 8.813382470094790477e-01
5.534808739811478140e-02 -3.126478732847340347e-01 -2.069468371625262648e-01
-8.847488749910890904e-03 -5.093102767477744042e-01 -3.392258245400072147e-01
7.874649837510704353e-01 9.717968738841732401e-01 6.630986436739999546e-01
1.549882988136611628e-01 -4.169938165466721136e-01 -2.896364865964679569e-01
9.982454538732498106e-01 8.515411298524708794e-01 2.907052841547184130e-01
6.713472107206430728e-02 -3.706266636737414188e-01 -2.851495229015160726e-01
2.535979682960431414e-01 7.117800820635719616e-02 7.431497211507901435e-01
3.019462010439630945e-02 -4.987840415551246243e-01 -4.501798557151513447e-01
6.693236933294671731e-01 4.777249659547222471e-02 4.770595101055374876e-03
-4.124943120295482268e-01 -4.701448903060628237e-01 5.778806676843923490e-02
9.710223203462450270e-01 8.283061111378177133e-01 7.705162956344052683e-01
1.073874277542770372e-01 -3.963869389410011879e-01 -3.510863511079150845e-01
-4.486897669480248152e-01 -5.049119412751600366e-01 -5.317175635472491668e-02
4.271413729254222025e-01 4.549614178138592369e-01 1.678394886291909582e-01
-3.336384303365751425e-01 -2.572088329877558754e-01 7.832188519892232040e-03
6.743333490409192388e-01 6.616147217055958762e-01 6.415400305303875506e-01
6.710069409368608628e-01 4.072989976820484692e-03 7.994608541754025244e-02
1.387823815485868251e-02 -3.802432081650602980e-01 -3.184802637572726192e-01
3.198772550516262858e-01 2.472118400445568742e-01 5.274836758813032933e-01
-4.843824107032497772e-01 -4.777101922807827639e-01 -9.519569108558884052e-02
1.716500631464318027e-01 -1.803736807360217242e-01 -1.833718792629979999e-01
7.239633587267665371e-01 5.240212653591997949e-01 1.722835278433324513e-01
8.686189880524021467e-02 -4.934652088951118065e-01 -3.928614073059997769e-01
-3.571715608767987993e-01 -4.129195851354728330e-01 1.013039786450898733e-01
4.593721312112997168e-02 8.606398308437762656e-01 1.425093844863831727e-01
1.183577266507045839e-02 -3.088281664780250235e-01 -2.647330712638107375e-01
1.280747123509595742e-02 9.155794075927892184e-01 7.902010644483334900e-01
1.087705760612152905e-01 5.795493475036118669e-01 9.209881285089821512e-02
7.070016011083967156e-01 1.477931762702450469e-01 -3.436790659571836715e-02
6.858404557017659664e-03 3.156621994508008316e-02 -1.593062310813390114e-01
2.102259764780625012e-02 -3.413754219578483962e-02 -1.352390453417403327e-01
-1.119064069163336894e-01 3.009454020153285447e-01 -2.047108204377325325e-01
9.690311868372747384e-02 8.686424708466916611e-01 7.083290750567959870e-01
-1.333938621594716878e-01 1.240597724888164721e-01 -1.220213120680462560e-01
-8.297002319163704342e-02 5.713015587688897307e-02 -1.455271867578257494e-01
2.967310415469608387e-01 8.444174838785566406e-01 4.143860019771570258e-01
4.783842753760095962e-02 -2.646866155174248947e-01 -2.771900208029053903e-01
7.318025535173132701e-01 5.104780426748226629e-01 8.004246719273327981e-01
1.126383950570538847e-02 -6.014625671547995517e-02 -6.804426133301888502e-02
1.079140097162790829e-01 7.470349051557537701e-01 2.864027104343855323e-02
3.760140542038927780e-01 1.978120657212503741e-01 1.837797323175018871e-01
4.003669571447593389e-02 -2.612464767217811956e-02 -9.331706559137242785e-02
8.371256792134303126e-02 -1.558198089660416119e-01 -1.958358177576419723e-01
4.292091323222398946e-01 9.766432962802287232e-01 5.188090872193610315e-01
-2.316378211427524980e-02 -1.756430859454315152e-01 -9.417900357426636782e-02
6.498245175258771100e-02 -8.927674340634891847e-02 -3.337086041229369027e-01
7.106604689571813793e-01 9.984732722364961788e-01 8.048779168770182624e-01
9.936010046176338428e-02 -1.437814615248009520e-01 -3.522688017415733785e-01
4.059741882290888171e-01 3.739903614204487248e-01 7.377627722015505096e-01
2.576858070364633491e-02 4.266428196669987821e-02 -5.125714602313891088e-02
7.275556949231341830e-02 -9.278461265059736313e-03 -4.859182005161324924e-02
7.412905897408625377e-02 2.934620779658353440e-01 5.012737905181818832e-02
4.922943019806030884e-01 -6.104964520208785994e-02 -1.486739856021111750e-01
-2.457850958309538703e-01 3.324106092739074342e-02 -1.746840937093938617e-01
3.046351328399010683e-01 3.574398434511413258e-01 8.404735947239849736e-02
7.278044465152520848e-02 -1.858854315678719338e-01 -8.700247544116868070e-02
-5.717404527446651175e-02 -1.042722735981826965e-01 -2.392765413597326973e-01
3.107265812527169047e-01 1.172505353749655477e-01 2.192968190974625697e-01
-1.103227182388515359e-01 2.171751137606440785e-01 -2.361380816682898676e-01
6.542291335370867822e-01 1.598572250149553620e-01 3.173931000037695238e-01
6.330698435809530844e-01 1.790458550859493347e-01 1.335256090333568624e-01
3.756371876848695751e-02 2.253125486734612604e-02 -8.657163852425162065e-02
3.363159107512182083e-02 4.252089277482745677e-03 -1.136361877126007558e-02
1.253860832291835842e-02 5.496146639199135375e-01 -1.384307984137403968e-01
1.049980060948635663e-01 -4.949337120877075197e-02 -1.575755426756926258e-01
7.941752425277271987e-01 4.723456194963004950e-01 3.350686545167284036e-01
1.488399476260184595e-01 -1.226152829821935408e-01 -1.684154059424208538e-01
3.699799438232542759e-02 -1.867038678257885997e-01 -2.690455225815794327e-01
2.364822298622649699e-01 3.534549431581823775e-01 9.737289810464272444e-01
5.472110063973545380e-02 -1.586171229884061618e-01 -3.676796189849795837e-02
1.344453990511571551e-01 1.663120020011571443e-01 9.762159776132419697e-01
-3.658622625100460546e-01 -3.271300864925806851e-01 7.644879426199437111e-03
-6.150061366666612073e-02 3.567727679902765736e-03 8.894216938925078586e-02
-3.073588534647490045e-01 -2.290096806706471144e-01 2.699882673003465780e-02
8.364231049622017355e-02 1.844759895489370694e-01 5.154718561890350159e-01
-7.091057512708670574e-01 -4.581083392177899283e-01 -1.504193826128388811e-02
8.649993302433187647e-01 2.974110925277053674e-01 1.842341023879313644e-01
-7.443270899153238140e-01 -6.865451326322972170e-01 7.848111837506090149e-02
-8.818329781523251976e-01 -8.705272201935320142e-01 4.273527204401002255e-02
2.172462582844943979e-01 3.961644375223645209e-01 1.763148586724710976e-01
-4.716562000408286437e-01 -4.906274190626980225e-01 4.995785990648413805e-02
2.334302167937019057e-01 8.907686473685788586e-01 1.606239269675888703e-01
-3.497133092818005551e-02 -5.264821905508060285e-02 5.165249386246161256e-01
-5.258911795708652859e-01 -3.899292934200755956e-01 -4.613662979490505342e-03
-6.660493381158372195e-02 -1.573266138600157016e-01 9.049390199963626424e-02
-2.305477431942501987e-01 -2.060717052462293086e-01 2.252771219114942103e-02
-5.943647917118313195e-01 -4.166133285456591340e-01 -6.633505961274928191e-03
1.103374719305127982e-01 8.854551216378762080e-01 4.789810455503386022e-01
-7.265697951060655635e-01 -7.488461200187632727e-01 8.542876133183260889e-02
-8.866894321992319083e-01 -7.983500884084906435e-01 -3.247784738004984018e-01
4.600835023526193002e-01 7.925820249451323019e-01 5.743880316622432813e-01
-7.750051871599729081e-01 -7.168334981899133762e-01 -9.459623773377713336e-04
6.720136565910370674e-01 2.497235789778005088e-01 3.011081261624141137e-01
-2.756330117293761539e-01 -3.214389389038089240e-01 -3.953281893809061365e-01
-1.449433584328322921e-01 -8.832776072973974602e-02 4.682443434556798345e-01
-3.523577757274866107e-01 -5.737727160979247953e-01 2.781784038531988010e-02
-1.088283157445332217e-01 -1.021652394485807747e-01 1.670151389942652748e-02
-6.641870465355605990e-01 -5.013238805547890475e-01 8.018293745906407421e-02
7.083441933708379823e-01 3.086304100100912828e-01 8.079786001422428754e-02
-7.386967148705987363e-01 -7.818671446013970572e-01 -5.367898698632317389e-01
-6.621836616998704184e-01 -7.527873873982297015e-01 -5.490311552032031694e-02
1.239813492273093010e-01 8.561410644874668519e-01 1.330778170232120861e-01
-5.566569400923739863e-01 -5.404127851767580593e-01 -1.031574919122940359e-01
8.904105985404173751e-01 4.470993092258589430e-01 9.677716029141910647e-01
-2.211691309855812193e-02 -1.856839687784120341e-01 4.621752551840963008e-02
-2.544908316205704013e-01 -2.551187070138705160e-01 1.304389081220194146e-01
-7.734064767976775445e-02 -7.200423039718767404e-03 3.646319320931847852e-01
-1.787685824339879104e-01 -2.525600867307481456e-01 2.489266170054083016e-02
-8.316537777871805259e-01 -9.627722889634986458e-01 -6.735237647988744358e-01
1.158730703156310993e-01 3.026959337698964525e-01 2.835338873432712292e-01
-6.036529088330850890e-01 -6.075251689131824229e-01 -1.625212208844275530e-01
-6.114171911951777894e-01 -3.890020643327992689e-01 5.806496013837481734e-02
8.683707995018427050e-01 3.391079585610244918e-01 2.623788551292079996e-01
-5.146142250969418797e-01 -4.744784369252998957e-01 -2.048053715671513397e-01
7.535870778428134242e-01 9.525719492923063747e-01 2.966702766321138718e-02
-6.809181419725396367e-02 4.558306552449066240e-01 -1.830465628547083834e-01
-7.206097096904895416e-01 -1.925839872502255190e-01 -6.111969362884352996e-01
8.990651008880179429e-02 2.112230496208458708e-01 1.709662413475075415e-01
-7.314164500146367320e-01 -3.587931963404180635e-01 -7.179571686643104744e-01
-7.208454743280303667e-01 -1.946268016146601165e-01 -5.962738772557919509e-01
6.394283179978518250e-01 6.391553166601918745e-01 6.777219809577306187e-01
-7.303666622726666668e-01 -3.848280510638275587e-01 -6.954640498909305801e-01
-8.354077909497366061e-01 -3.684103340496364676e-01 -7.777468262749688277e-01
3.417313010291209707e-01 1.984197890224953520e-01 5.444053671285354890e-01
-9.418499796115384903e-01 -3.213915288187210728e-01 -9.042440965123665908e-01
4.791260607864671339e-01 1.932407383171730331e-01 7.702168708813883491e-01
-8.851285209415691302e-01 -5.923371202001618263e-01 -9.065430474280025130e-01
-2.697410644737220364e-01 1.971233587824108013e-01 -4.391028308697820792e-01
-8.114522825739194367e-01 -4.960305515641081353e-01 -7.250445053671453755e-01
-1.929635050884979941e-01 2.795811493598449049e-03 -1.197126285914432708e-01
-5.648962002296891161e-01 -1.031353615646565525e-01 -5.717409020422674626e-01
4.752676450941317743e-01 7.439283702008545607e-01 7.686833244963329204e-01
-1.017806467609306598e+00 -9.845857447322046152e-01 -1.045038668109635305e+00
-6.957088574284302496e-01 -2.470806375114114883e-01 -7.090200265533507240e-01
8.374041061098058680e-02 2.924277160248084373e-01 2.321634071089395679e-02
-1.089125037102102178e+00 -2.745599391795658928e-01 -8.981530666538666274e-01
7.077608569330102739e-01 8.609843420853636742e-01 3.806579335345352533e-01
-3.792742362043022286e-03 1.168798475229202716e-01 -6.685176402387041361e-02
-6.399355149278439514e-01 -3.305109253365681732e-01 -6.151749484477888608e-01
-1.843441141755384760e-01 4.839448884842761367e-01 -1.201737709998039472e-01
-5.347142922555331301e-01 -2.109532538637709509e-01 -5.415290681076914137e-01
-8.012939621099925969e-01 -2.719889666199070133e-01 -8.524717932899783523e-01
5.548823236838267281e-01 3.796889593909534844e-01 2.156361070666993340e-01
-8.855325945207990213e-01 -4.764862180606935782e-01 -8.754529225617969646e-01
-6.435974859458990505e-01 -1.946502150482052884e-01 -7.942023544667153878e-01
7.379945473222238039e-02 8.946336866199182669e-01 2.775628188148641096e-01
-5.918659401559596134e-01 -2.477554227492873573e-01 -6.127690618317700455e-01
9.750502168065673381e-01 2.200307549597091406e-01 8.442791723441190888e-01
-7.179063158778683507e-01 -3.584400237573765469e-01 -6.201110627011215959e-01
-1.331633780867761963e-01 1.649148903200949867e-01 3.222789635334005753e-02
-5.144598059303675530e-01 -2.635986626515763875e-01 -4.564146811722025743e-01
-3.522884025753708626e-02 1.944067715817128783e-01 -8.088502709007067137e-02
-7.527149645223094598e-01 -3.604819881324870523e-01 -7.095370370142720651e-01
8.934575187436162302e-01 3.333218838014373464e-02 5.175738625993190345e-01
-6.095045486024446291e-01 -1.974878832349510893e-01 -7.490825987505862482e-01
-7.925140562611135975e-01 -3.720761894366828026e-01 -8.295849336331382329e-01
2.362106580960032787e-03 8.412099365896356096e-01 9.428964486749215057e-01
-8.214626850906814326e-01 1.193958479119317795e-01 -7.125210636286236632e-01
8.138196054616614328e-01 7.240387344603039788e-01 2.055115523354852369e-01
1.863357363224937141e-02 -3.890933802635069827e-01 -5.860731507153771336e-01
5.158845780736460718e-01 2.863080225431496872e-03 -7.867579458633275347e-02
7.915539611000359244e-02 -1.483350383059690858e-01 -1.253227442447740203e-01
-6.141903882953282309e-03 -5.208733547968846800e-02 -1.188902454688361421e-01
-6.713504563583774787e-02 -8.944010438801376361e-01 -9.109678017487876645e-01
8.509683528525118223e-01 7.508229755364749236e-01 3.644525782100955791e-01
-2.764011939679489327e-02 -4.886484375857098605e-01 -7.202495401772684991e-01
1.612870078850848765e-01 -7.324439450195836532e-01 -4.988473764025557200e-01
2.507203974965066529e-01 4.400319408148178901e-01 8.384563086734102555e-01
-4.233507556586297432e-02 -7.822597069189775043e-01 -8.725552409464143455e-01
8.893095409346120084e-01 9.019373390367341203e-01 3.669276904943613582e-01
3.699199767517063336e-02 -4.913665915697662534e-02 -2.437973058229946366e-01
4.265006823420415538e-02 -3.073279540665673770e-01 -5.034967495972408891e-01
3.875784225956224183e-01 -2.259219371981629199e-01 -2.666441261985584843e-01
-1.897194027006228467e-01 -2.835500529856742613e-01 -3.397296161071960419e-01
1.785464361394636500e-03 -3.242409282506563128e-01 -4.414914606013755627e-01
5.288330174407408490e-01 1.507551649244464054e-01 8.389143812159831626e-01
-1.071736420229530418e-01 -1.037963213872239443e+00 -8.912581237882067908e-01
-3.616921351948115815e-01 -4.673564318130644102e-01 -4.374075255202198864e-01
7.300187147060853698e-01 3.604055917509129126e-01 5.955427030081652529e-01
1.408779549482417626e-01 -3.870680868342554204e-01 -3.229280328751504836e-01
4.315575255941824784e-01 7.653315409019036952e-01 7.888106930635501168e-01
9.244941564166245240e-02 -2.048461146992711090e-01 -1.864736706105361019e-01
9.530988781479081406e-02 -2.319388403605644466e-01 5.052161836854165977e-02
1.107172783313870555e-02 -2.966232119326915884e-01 -4.480194672957210633e-01
3.882007328751733155e-01 -1.497470925240068085e-01 -1.579786739091220971e-01
-1.521311674543504577e-01 -4.709949046125086469e-01 -5.982412130094614255e-01
8.627763595900216353e-01 3.101418337579987528e-01 3.646954648802769317e-02
4.553227503467129067e-04 -5.949347480175661840e-01 -4.163187654742586119e-01
-9.083129179478185988e-02 -4.636053886265727453e-01 -5.875253262842682345e-01
6.809407295073016675e-01 9.837379727576356370e-01 8.558748039144840059e-01
4.075053816391635553e-02 -7.260491322663258362e-01 -7.488551144170615403e-01
1.976186788995881738e-01 2.176573321754867729e-01 8.959055866119396416e-01
3.176899801083328256e-01 -1.567553144783279673e-01 -1.157999367517766054e-01
-1.991582888761361803e-05 -2.072239984301976479e-01 -2.230277183895518767e-01
7.309248356238709499e-02 2.165711554266436245e-02 -9.460648182293177055e-02
1.573708257218813661e-02 -4.404024992834131291e-01 -5.527014494781776754e-01
1.107114520313432077e-01 -5.529201810700798969e-01 -5.644886792244704354e-01
2.830161146100707015e-02 3.475234548365525589e-01 8.442205463898684314e-01
-5.040240643766828732e-02 -8.007267131858533116e-01 -8.622436656417173939e-01
-1.534491520534083386e-01 -8.310900704909783832e-01 -8.600494745523104001e-01
9.692774254349534324e-02 7.392153101900200696e-02 4.731997494676988270e-01
-2.045006571340882845e-02 -6.304122823003730502e-01 -6.253947802846707704e-01
8.862420740858698576e-01 1.163872507315153459e-01 6.173573826301128609e-01
-1.328472753863156663e+00 -1.229300152655844247e+00 -1.425261961361877328e+00
-9.199734862930126766e-01 -1.011172168961356643e+00 -7.886082777066545368e-01
-3.527316016380676045e-01 -1.487741118329847789e-01 -3.314824015938778179e-01
-1.011466875350174766e+00 -1.134378033075973402e+00 -1.042396070988854229e+00
-1.659271940440488313e+00 -1.675792803468717951e+00 -1.375919060916817926e+00
4.412595279512908641e-01 3.451383126932461298e-02 6.027805653644251471e-01
-1.705067314417388014e+00 -1.704889907301965213e+00 -1.295546753692306874e+00
-1.304893732349071467e+00 -1.763998454304396946e+00 -1.764211920311510085e+00
6.307511898790638671e-01 4.773809779521510643e-01 6.738935375100174596e-03
-1.316668471380558980e+00 -1.804133037650051286e+00 -1.804722758944872218e+00
5.455741862738908710e-01 4.456060486042380253e-01 8.054470995478892892e-01
-9.428045628223912233e-01 -1.025059762546693065e+00 -9.423147589238314303e-01
-1.644153916885349398e+00 -1.711971463475484123e+00 -1.504292197601981185e+00
-8.511157728296859792e-01 -9.876080035085814668e-01 -7.623042274335695145e-01
-5.744568213066774121e-01 -5.442989627453499457e-01 -5.790178883365989515e-01
-1.081408772044318400e+00 -1.730538808884312107e+00 -1.651885693128086974e+00
5.063033210411441720e-01 2.922665038351901501e-02 7.087851917626598608e-01
-1.831505422671202865e+00 -1.881287409127643251e+00 -1.796054259425601041e+00
-1.348154223313483557e+00 -1.610173179439770230e+00 -1.596074281650395665e+00
8.836737769593905334e-02 4.533335683407632155e-01 2.015762683760266016e-01
-1.725652636945037788e+00 -1.721090649080579071e+00 -1.228114343887121818e+00
3.771237574269865611e-01 4.378799339801782153e-01 5.339633356554921439e-01
-2.231943909826779038e-01 -1.166278282524790821e-01 -1.454401518568391727e-01
-9.039065258912255540e-01 -1.068852279313132092e+00 -9.540491203502583506e-01
-1.218095945491088461e+00 -1.324787457051699757e+00 -1.335272063727455549e+00
-6.728468204437042521e-01 -7.614768747383096059e-01 -6.960153951889997970e-01
-1.278278349835657135e+00 -1.660312336478600104e+00 -1.661903033038698574e+00
6.531972877010890910e-01 4.497806317211608951e-01 3.220281178367030428e-01
-1.215911479458594568e+00 -1.716819599888912196e+00 -1.731251320024681961e+00
-1.616675066314024800e+00 -1.633588179241535432e+00 -1.262491771258831941e+00
7.392010286316295087e-01 4.818539940274194633e-01 7.851777242121885658e-01
-1.736876916469647814e+00 -1.410350723633535530e+00 -1.675387043536406884e+00
7.976954314217464814e-01 7.032481685071596544e-01 9.405916937088754093e-01
-1.012901955398771481e+00 -1.100799230179500210e+00 -9.803337209570310851e-01
-1.883298954883904641e-01 -1.382513201092396837e-01 5.612676676944172716e-02
-8.256826502595184802e-01 -9.797416131988170296e-01 -9.686592933112649906e-01
-1.068447163373689390e+00 -1.017423483157698261e+00 -1.048618985807266091e+00
-1.703619576462413576e+00 -1.704725256563338398e+00 -1.162442674269814402e+00
3.930716913048721839e-01 7.004179715204051915e-01 5.061561963211734794e-01
-1.636239996135003594e+00 -1.352017756113215619e+00 -1.619152832836646461e+00
-1.077206595701078573e+00 -1.617644584522826001e+00 -1.619749170609128708e+00
5.816202069334475144e-01 3.529318342071403602e-01 7.599875409036527252e-02
-1.165884921110256434e+00 -1.785168915399764522e+00 -1.744013015267580125e+00
